# Units
# dimensionless	code_time	dimensionless	1/code_time	1/code_time	1/code_time
2.100000000000000000e+01	6.671834401392547242e+00	4.660481250562958921e-02	1.399747882689584085e-15	4.247973910636183831e-06	9.831940708874723663e-13
2.200000000000000000e+01	7.481172418081254882e+00	5.225828713527306407e-02	5.209488525416435563e-12	5.297430990860529002e-06	4.010355790639197156e-13
2.300000000000000000e+01	8.347159380006099028e+00	5.830747204675758300e-02	1.636090288690385515e-12	4.216003332660112863e-06	1.007994180193001734e-12
2.400000000000000000e+01	9.270741749221594219e+00	6.475897856823378818e-02	2.401290351518814636e-12	3.250564103911878579e-06	7.427630579949067100e-13
2.500000000000000000e+01	1.025388558013947815e+01	7.162654019362889313e-02	4.655317105395679285e-12	2.415676304289179195e-06	8.446334544041667414e-13
2.600000000000000000e+01	1.129845086069952487e+01	7.892314950998578771e-02	7.565216658779298430e-12	1.816416243027064859e-06	1.040074220361464602e-12
2.700000000000000000e+01	1.240567563287244823e+01	8.665745462072672878e-02	1.044608424364018782e-11	1.379341049070424234e-06	1.303530035619070473e-12
2.800000000000000000e+01	1.357753856384277924e+01	9.484327712387079223e-02	1.382002420839187971e-11	1.048609652178991693e-06	1.953653000061787702e-12
2.900000000000000000e+01	1.481586002601305552e+01	1.034933328797656288e-01	1.859962421342025769e-11	7.983061993477290301e-07	3.131286799846269058e-12
3.000000000000000000e+01	1.612247562513770305e+01	1.126204441584006538e-01	3.001758601801867485e-11	6.068872450762398097e-07	4.588046661389113518e-12
3.100000000000000000e+01	1.754819515390752827e+01	1.225795329676288570e-01	4.635163852971480201e-11	4.518664466856934543e-07	6.692704556407709125e-12
3.200000000000000000e+01	1.899895256003201638e+01	1.327135190404056808e-01	6.580507548159482502e-11	3.342725193533612018e-07	8.014204423144808017e-12
3.300000000000000000e+01	2.052306439621267486e+01	1.433599083374758887e-01	8.633258408433935419e-11	2.415727047433020899e-07	1.078284131890606681e-11
3.400000000000000000e+01	2.212236244178931344e+01	1.545314964001475166e-01	1.101456493409497132e-10	1.685360815184341094e-07	1.330029099492271717e-11
3.500000000000000000e+01	2.379914675374541133e+01	1.662443498328982361e-01	1.552548440807006307e-10	1.126431787140089197e-07	1.682703247066067054e-11
3.600000000000000000e+01	2.555396439559895683e+01	1.785022900424283188e-01	2.292010894214033852e-10	7.193913016947142875e-08	2.341059587364245330e-11
3.700000000000000000e+01	2.738951139953598357e+01	1.913241496416264176e-01	3.149181035823790243e-10	4.383735445472496358e-08	3.224723458573868724e-11
3.800000000000000000e+01	2.933573340105809990e+01	2.049191080920846342e-01	4.830428100260545609e-10	2.618917146853084056e-08	4.149859223504360403e-11
3.900000000000000000e+01	3.133833262702047762e+01	2.189078787711673524e-01	7.816342681888326432e-10	1.577655152656020754e-08	5.639853265483288504e-11
4.000000000000000000e+01	3.342939481819278313e+01	2.335145904330838684e-01	1.191063780954667038e-09	9.797621297010907919e-09	7.699434326227523299e-11
4.100000000000000000e+01	3.560486200926446543e+01	2.487108969437614725e-01	1.639376206395516692e-09	6.539281426240684710e-09	1.010867451962808328e-10
4.200000000000000000e+01	3.786958379061234581e+01	2.645306741815034446e-01	2.462957986288022744e-09	4.712576648432391453e-09	1.307003224097917283e-10
4.300000000000000000e+01	4.022525708116236842e+01	2.809857756462053602e-01	3.853646562844463820e-09	3.714038243081153633e-09	1.700503300347960699e-10
4.400000000000000000e+01	4.267332270827766649e+01	2.980862659595397979e-01	5.685244436419771678e-09	3.146399891663426233e-09	2.178649870517456541e-10
4.500000000000000000e+01	4.521605714453532698e+01	3.158480469816620229e-01	8.265390540698409745e-09	2.806577824550152889e-09	2.782408720397499571e-10
4.600000000000000000e+01	4.785455382981571404e+01	3.342787567259793979e-01	1.210511054385243789e-08	2.601676488706196808e-09	3.549627074840328264e-10
4.700000000000000000e+01	5.066168630376022719e+01	3.538874392495357513e-01	1.733029312819455652e-08	2.508802003418170933e-09	4.553069244596187302e-10
4.800000000000000000e+01	5.350036700480218599e+01	3.737164958292070183e-01	2.529708571381897261e-08	2.658659940772283675e-09	5.951115256276826355e-10
4.900000000000000000e+01	5.644045114588955414e+01	3.942538865830231276e-01	3.885176579730549973e-08	2.806758958885988982e-09	7.765843153987727208e-10
5.000000000000000000e+01	5.948359436103864795e+01	4.155111766231057713e-01	5.164239573015818676e-08	2.979050694476776271e-09	1.000089250815198463e-09
5.100000000000000000e+01	6.263128838209805593e+01	4.374987861545932555e-01	6.650836595561410367e-08	3.247076072471851404e-09	1.267291865666402768e-09
5.200000000000000000e+01	6.588841658101716803e+01	4.602508270304490612e-01	8.616273373169481301e-08	3.415504654408468460e-09	1.561131881998359032e-09
5.300000000000000000e+01	6.911071193234272414e+01	4.827595497671741676e-01	1.089308601827003674e-07	3.405835445401933442e-09	1.877850676743864950e-09
5.400000000000000000e+01	7.233294027166003559e+01	5.052678044044394134e-01	1.388569831884715559e-07	3.885331016742123367e-09	2.281548863567590829e-09
5.500000000000000000e+01	7.593038283527836541e+01	5.303970456431323921e-01	1.835050933151008564e-07	4.211950063488804195e-09	2.885703292638329008e-09
5.600000000000000000e+01	7.915259156416045982e+01	5.529051632954843365e-01	2.185289637970311455e-07	4.794914943345229676e-09	3.527978701030925176e-09
5.700000000000000000e+01	8.237485357543879161e+01	5.754136531417394229e-01	2.676139574010364901e-07	5.760661794461373974e-09	4.278602838883240749e-09
5.800000000000000000e+01	8.635744283370182472e+01	6.032332623379063063e-01	3.405420757095699956e-07	6.782858258868562080e-09	5.605765692686714683e-09
5.900000000000000000e+01	8.957962078010272933e+01	6.257411649651726249e-01	3.938211207005843405e-07	7.519568161220682827e-09	6.803437614724938515e-09
6.000000000000000000e+01	9.280191401630237635e+01	6.482498729270936844e-01	4.540764502890687209e-07	8.609395978344583652e-09	8.446823659699642617e-09
6.100000000000000000e+01	9.707739165673487491e+01	6.781153974315357047e-01	5.376837085199585186e-07	1.011366829745365079e-08	1.100323301849925332e-08
6.200000000000000000e+01	1.002996913822229459e+02	7.006241507231294463e-01	5.956162428464922315e-07	1.134027431997626196e-08	1.297607624996111938e-08
6.300000000000000000e+01	1.035218976761192948e+02	7.231322513663581697e-01	6.718881623018563038e-07	1.265256068846775045e-08	1.515891837912952913e-08
6.400000000000000000e+01	1.080773420463856382e+02	7.549534294687068048e-01	7.894703002986126421e-07	1.515672319143207887e-08	1.870259817157747503e-08
6.500000000000000000e+01	1.112996351476524239e+02	7.774621364880802687e-01	8.935971265628635164e-07	1.738372731597633124e-08	2.149355930337545333e-08
6.600000000000000000e+01	1.145220496121196589e+02	7.999716912666848811e-01	9.799628175639266334e-07	1.971323926336442321e-08	2.436541301579344159e-08
6.700000000000000000e+01	1.193626889283711137e+02	8.337850436625703354e-01	1.163614744212482958e-06	2.413004913146131741e-08	2.874866862923425538e-08
6.800000000000000000e+01	1.225850211826076190e+02	8.562940241774630312e-01	1.305313888795363939e-06	2.771512033597763244e-08	3.289699916668134999e-08
6.900000000000000000e+01	1.258073361196042441e+02	8.788028837261162574e-01	1.465165720013176361e-06	3.163076009942821150e-08	3.674167906956249407e-08
7.000000000000000000e+01	1.270637828080899823e+02	8.875795497548737423e-01	1.512697959893563267e-06	3.727160864818650212e-08	3.841360824203964798e-08
7.100000000000000000e+01	1.293425437332568890e+02	9.034973947242260772e-01	1.648178898044336092e-06	4.167606802000951616e-08	4.088806048099489976e-08
7.200000000000000000e+01	1.316212286283984554e+02	9.194147086004992309e-01	1.778649436269997020e-06	4.604701034899033125e-08	4.368153281385766775e-08
7.300000000000000000e+01	1.339000767771028677e+02	9.353331628530512365e-01	1.929160426257555940e-06	5.081268003302994094e-08	4.624302794989746670e-08
7.400000000000000000e+01	1.361785343151194922e+02	9.512488885699755814e-01	2.055901677707553013e-06	5.586691818951611801e-08	4.906972637850955069e-08
7.500000000000000000e+01	1.384573343591178514e+02	9.671670067963806794e-01	2.211232349743517507e-06	6.085753912580499611e-08	5.236185567227355896e-08
7.600000000000000000e+01	1.407359340430099905e+02	9.830837254459047214e-01	2.405397809188413452e-06	6.680004144212757992e-08	5.692560813433876744e-08
7.700000000000000000e+01	1.430145109340929537e+02	9.990002848806557312e-01	2.530692042216756056e-06	7.166186740778039217e-08	6.017645399751701700e-08
7.800000000000000000e+01	1.452932070452167466e+02	1.014917677104009819e+00	2.732636125193339891e-06	7.785864083427714752e-08	6.487638650177124235e-08
7.900000000000000000e+01	1.475720050056074797e+02	1.030835780775775756e+00	2.886768227728110456e-06	8.333783187894806073e-08	6.958360629432147275e-08
8.000000000000000000e+01	1.498506863856689222e+02	1.046753070098134675e+00	3.083326012796300440e-06	9.026026860096175810e-08	7.584040633966692181e-08
8.100000000000000000e+01	1.521295673752941582e+02	1.062671753754605763e+00	3.285340853006063889e-06	9.543859837584946562e-08	8.115655653489597995e-08
8.200000000000000000e+01	1.544079912749111827e+02	1.078587244496977071e+00	3.431362707785987933e-06	1.013498620191025980e-07	8.737331142657143110e-08
8.300000000000000000e+01	1.566867482533346845e+02	1.094505061897114384e+00	3.695464062227894528e-06	1.080950583779594830e-07	9.443514511510969450e-08
8.400000000000000000e+01	1.589653309426065277e+02	1.110421661833995932e+00	3.886592456058381678e-06	1.147594100478350546e-07	9.972035686266103922e-08
8.500000000000000000e+01	1.612441812459551045e+02	1.126340131137399281e+00	4.129147950122151966e-06	1.208822695908807142e-07	1.061370718258190986e-07
8.600000000000000000e+01	1.635230261014666269e+02	1.142258562385987331e+00	4.370068508932167802e-06	1.281381053630126085e-07	1.139428188691294741e-07
8.700000000000000000e+01	1.658016161584575912e+02	1.158175213788649849e+00	4.561074870195860218e-06	1.350524837601515758e-07	1.232080143090159611e-07
8.800000000000000000e+01	1.680804123602803486e+02	1.174093305176278301e+00	4.951758438493460189e-06	1.443890962679301673e-07	1.348977306164043992e-07
8.900000000000000000e+01	1.703594180859973619e+02	1.190012860152662055e+00	5.130234295361172331e-06	1.528029540617091432e-07	1.458811567645795222e-07
9.000000000000000000e+01	1.726384872344971768e+02	1.205932858156663734e+00	5.448880390107712790e-06	1.601246671354994065e-07	1.572794283621832737e-07
9.100000000000000000e+01	1.749172105994928756e+02	1.221850440756683920e+00	5.661082144778203389e-06	1.663513452027468511e-07	1.685392189609127365e-07
9.200000000000000000e+01	1.771957601149626385e+02	1.237766808964368748e+00	6.107248082582925832e-06	1.728566496262303255e-07	1.841616871771654984e-07
9.300000000000000000e+01	1.794743834633857489e+02	1.253683692917909820e+00	6.241062103033953859e-06	1.799325921374089434e-07	2.095225015811684222e-07
9.400000000000000000e+01	1.817529506189925428e+02	1.269600184347369654e+00	6.535357096739877712e-06	1.852326545065182551e-07	2.338015107068677755e-07
9.500000000000000000e+01	1.840314885628717150e+02	1.285516471723940013e+00	6.839428962479696708e-06	1.875081286316744515e-07	2.493952893679492134e-07
9.600000000000000000e+01	1.863100368346915729e+02	1.301432831244347943e+00	7.169019875004654960e-06	1.871157265782850680e-07	2.519482021252660271e-07
9.700000000000000000e+01	1.885888293817724843e+02	1.317350897102482321e+00	7.524915891252140416e-06	1.914916056229510973e-07	2.683115943075985428e-07
9.800000000000000000e+01	1.908677353277467148e+02	1.333269755086716080e+00	7.815137994042362985e-06	1.985315698876474017e-07	2.731236742427352770e-07
9.900000000000000000e+01	1.931461650137014203e+02	1.349185286248433258e+00	8.330382651147148854e-06	2.072193927268695348e-07	3.061936126370668113e-07
1.000000000000000000e+02	1.954251044508978055e+02	1.365104378179140321e+00	8.495746707864197173e-06	2.111177059223994906e-07	3.569590043829515115e-07
1.010000000000000000e+02	1.977038188690282539e+02	1.381021898282558613e+00	8.836120432183478757e-06	2.207499824274610025e-07	3.494341609435641328e-07
1.020000000000000000e+02	1.999825998342446951e+02	1.396939883237812374e+00	9.292513545977417445e-06	2.274703963906926948e-07	3.714554430058972077e-07
1.030000000000000000e+02	2.022610438685033785e+02	1.412855514626839781e+00	9.678440691612164118e-06	2.325501423733966475e-07	3.888034890289475540e-07
1.040000000000000000e+02	2.045398749672166900e+02	1.428773849779967131e+00	1.002833959251310442e-05	2.401878699852512354e-07	4.278562145595623514e-07
1.050000000000000000e+02	2.068184728833707879e+02	1.444690556081297927e+00	1.051686823900019877e-05	2.552656861388149391e-07	3.918785848371972911e-07
1.060000000000000000e+02	2.090971551588870341e+02	1.460607851658683787e+00	1.063921888834448114e-05	2.628370530086508468e-07	4.125321187309249620e-07
1.070000000000000000e+02	2.113756111510006406e+02	1.476523566577000679e+00	1.141909681432290098e-05	2.782898321966258462e-07	4.833970500788025390e-07
1.080000000000000000e+02	2.136543981428229415e+02	1.492441593629947105e+00	1.140997055703866012e-05	2.961021850137142537e-07	4.960733854042348454e-07
1.090000000000000000e+02	2.159330588560478645e+02	1.508358738588105430e+00	1.238241623226751400e-05	3.239584948173238888e-07	5.459435418921602264e-07
1.100000000000000000e+02	2.182115246669057740e+02	1.524274522093366890e+00	1.278382742671963376e-05	3.547938308096018591e-07	5.726899980826933593e-07
1.110000000000000000e+02	2.204903801089074875e+02	1.540193027291840711e+00	1.335125792067355743e-05	3.413734301834798239e-07	5.829950689145977698e-07
1.120000000000000000e+02	2.227689589432799551e+02	1.556109600301065932e+00	1.408411801456899426e-05	3.479163677177825069e-07	6.128366402675857695e-07
1.130000000000000000e+02	2.250476277443785591e+02	1.572026801755505909e+00	1.459481893121407208e-05	3.699853841911386795e-07	6.968877878348771854e-07
1.140000000000000000e+02	2.273260475081214622e+02	1.587942263607525994e+00	1.512331089772008361e-05	3.992127244123926223e-07	7.808370199169359645e-07
1.150000000000000000e+02	2.296048666252543455e+02	1.603860515065633985e+00	1.572209981147723536e-05	4.340266730496749662e-07	7.615208609732501757e-07
1.160000000000000000e+02	2.318836913260986989e+02	1.619778805527681831e+00	1.628435500157123566e-05	4.987076904213812443e-07	7.526614448638532364e-07
1.170000000000000000e+02	2.341626171094477797e+02	1.635697802082071828e+00	1.655468707771816334e-05	5.196406293325246657e-07	8.034000682245293126e-07
1.180000000000000000e+02	2.364410348787340297e+02	1.651613250002199829e+00	1.719031110759553630e-05	5.339869677914362872e-07	8.548155968654399126e-07
1.190000000000000000e+02	2.387196113815386980e+02	1.667529806724707742e+00	1.767571249056403777e-05	6.206979636279387320e-07	9.064179625104333352e-07
1.200000000000000000e+02	2.409983901619945641e+02	1.683447776418737662e+00	1.810405783651396092e-05	8.527242946562737565e-07	1.000400028191534776e-06
1.210000000000000000e+02	2.432769063753638363e+02	1.699363912001021770e+00	1.892093590167510990e-05	8.443813532131852018e-07	1.129878750398558617e-06
1.220000000000000000e+02	2.455557422679776778e+02	1.715282280641016621e+00	1.914684582345028705e-05	9.694914730319133204e-07	1.498655904977865728e-06
1.230000000000000000e+02	2.478350780715332462e+02	1.731204141312484346e+00	1.913626497801821023e-05	1.455246534515489943e-06	1.685206390697244350e-06
1.240000000000000000e+02	2.498094438790216998e+02	1.744995692891810002e+00	1.895973301836856103e-05	8.114110847778301959e-07	2.190416013511621227e-06
1.250000000000000000e+02	2.520883294760618014e+02	1.760914408732489056e+00	1.975097765863820834e-05	7.983562170565716880e-07	1.831614458686430947e-06
1.260000000000000000e+02	2.543670237943589427e+02	1.776831788432398307e+00	2.131998072116850096e-05	7.854422349777462527e-07	2.697614048061957859e-06
1.270000000000000000e+02	2.566457850008123387e+02	1.792749635366623240e+00	2.493763378402495153e-05	9.647385670295537056e-07	4.121981499275686778e-06
1.280000000000000000e+02	2.589246555094689484e+02	1.808668245810309161e+00	2.684187639328501626e-05	1.652417253250569138e-06	5.899411709562477121e-06
1.290000000000000000e+02	2.612035825900230748e+02	1.824587251426074808e+00	2.786842535961139605e-05	1.958351706743266439e-06	3.554167944016674235e-06
1.300000000000000000e+02	2.634824040998507257e+02	1.840505519597890549e+00	2.638331424916146037e-05	3.025976884785412486e-06	3.212487546820582736e-06
1.310000000000000000e+02	2.657608824344656568e+02	1.856421390585441422e+00	2.618541290735305134e-05	1.893499777693579052e-06	2.995985037171788048e-06
1.320000000000000000e+02	2.680396018512072374e+02	1.872338945605694027e+00	2.654348060841292011e-05	1.974671696649261498e-06	2.746111066021994448e-06
1.330000000000000000e+02	2.703181621091064812e+02	1.888255388852548178e+00	2.703995518530184257e-05	3.904924254917570227e-06	2.677172490737569943e-06
1.340000000000000000e+02	2.725968154007492217e+02	1.904172481968675168e+00	2.434664532850079813e-05	3.243017112722150159e-06	2.701277394779847381e-06
1.350000000000000000e+02	2.748758173743582915e+02	1.920092010735432897e+00	2.702575342294076847e-05	2.649097079460363958e-06	3.394700664334327031e-06
1.360000000000000000e+02	2.771543978191592714e+02	1.936008594993995580e+00	2.446860410426482177e-05	2.677670502576724130e-06	2.833033684532683378e-06
1.370000000000000000e+02	2.794328916990447169e+02	1.951924574570035764e+00	2.372555181323020144e-05	3.481474827649675005e-06	2.775143675559816407e-06
1.380000000000000000e+02	2.817115369270378551e+02	1.967841611359093967e+00	2.420524991021656423e-05	2.193238132163423854e-06	3.083808437207449405e-06
1.390000000000000000e+02	2.839899564952567630e+02	1.983757071845318798e+00	2.317723081935783741e-05	2.574010729430215766e-06	2.914122347548150213e-06
1.400000000000000000e+02	2.862685088634682984e+02	1.999673459980281232e+00	2.329930960189354548e-05	2.153255171698496725e-06	2.815084254521065663e-06
1.410000000000000000e+02	2.885470104019307769e+02	2.015589493053834058e+00	2.585219781224209695e-05	2.163792846923283729e-06	2.883081140925517497e-06
1.420000000000000000e+02	2.908258160736480704e+02	2.031507650591584557e+00	2.697185380593109343e-05	2.501629156351376157e-06	3.251550224804594679e-06
1.430000000000000000e+02	2.931050936394319137e+02	2.047429104454328908e+00	3.084395644341839815e-05	2.451355663883051904e-06	5.418225357726945312e-06
1.440000000000000000e+02	2.953840324690127090e+02	2.063348192140654458e+00	3.348029813317539191e-05	3.178391847243783386e-06	4.209372738341934375e-06
1.450000000000000000e+02	2.976627725309173798e+02	2.079265891373712538e+00	3.225430565208021089e-05	3.493051326747320547e-06	3.738094060322626691e-06
1.460000000000000000e+02	2.999420062879002558e+02	2.095187039218526781e+00	3.072312013948069048e-05	4.957163599368552015e-06	5.568552236431031657e-06
1.470000000000000000e+02	3.022204303882386398e+02	2.111102531362998302e+00	3.188520756437209310e-05	2.658091204094351715e-06	6.023595186988200649e-06
1.480000000000000000e+02	3.044995454440918934e+02	2.127022850043963409e+00	3.337069023748118559e-05	2.775375542564854233e-06	4.846041723610215775e-06
1.490000000000000000e+02	3.067782042894945107e+02	2.142939981954809614e+00	3.535935241161832480e-05	3.797464751393974288e-06	5.210085752190653860e-06
1.500000000000000000e+02	3.090568679957567042e+02	2.158857147820252287e+00	3.399556227773309060e-05	3.551076298082932966e-06	6.755274020342979446e-06
1.510000000000000000e+02	3.113359922280631622e+02	2.174777530601561981e+00	3.703027839010166421e-05	3.373100160369803673e-06	7.119047214628359855e-06
